-2.41
2.78
-4.56
4.72
-3.06
-1.36
-10.10
4.36
4.62
7.63
-0.96
1.04
-3.89
-3.82
5.91
10.61
-0.08
-3.50
3.17
-0.73
-1.92
1.77
2.57
0.48
-9.12
2.03
3.02
2.48
-7.31
9.99
5.84
-2.43
-2.57
11.29
3.98
-1.17
6.46
-3.15
4.47
3.32
-0.20
-2.97
3.92
2.09
4.63
4.30
-10.59
5.95
-0.98
-10.27
8.39
-3.64
8.20
6.94
6.30
2.87
3.07
0.02
-2.63
-4.62
-1.43
-7.79
11.29
3.53
-2.13
4.72
0.94
-2.46
-3.87
-0.23
-3.53
0.93
-2.81
4.47
-0.48
-8.55
-3.97
-5.71
-0.37
-0.77
-2.28
2.96
-4.63
-1.69
2.51
4.66
0.91
-1.29
7.37
-9.09
-1.38
1.96
0.24
5.71
7.66
-6.89
2.06
-1.02
0.93
-6.48
