Original Particle Swarm Optimization

0.9950604828343899
0.9949908315489271
0.9949908315489271
1.5738350741756335e-05
8.776205156912908e-05
8.776205156912908e-05
9.637346139790282e-05
1.869815810451314e-05
0.9975442819304092
0.00016387784846472186
6.061813504487645e-07
0.0005468764889862143
0.9949960410548755
0.000752690473040829
6.40623864853751e-05
0.9950862169673709
0.00038042996820131236
0.995015446303924
0.000790591551480091
0.9950373791608591
0.00022600687168150557
0.9950542012087524
2.498362687752831e-05
0.99496634843387
0.9949794240638514
4.252530954751421e-05
0.0002228486555395648
0.9953499905896113
1.9899259157113427
0.9952946951069297

Weight-Adaptive Particle Swarm Optimization


3.7477624792003894e-05
1.9901778465908002
1.5729921514662237e-05
0.9950208190425407
0.00013117119254602017
0.994987769350189
0.00025758984216928127
6.987362363197747e-05
0.9951938194077918
9.59004145641984e-05
0.9950314197582841
1.9899193888822353
0.994979035297824
0.994978477338293
0.9949685329934379
0.9950143120911541
3.15608583996152e-05
0.00010777580848930768
5.609921663030093e-05
2.1492007959977855e-05
0.9950429004088672
0.00034749393693545017
0.9950131729017428
6.93830448916799e-06
1.264575297810211e-06
0.00025490972757324926
0.9949591638949133
0.9949733234490097
0.9949733234490097
4.889763343740583e-05
3.413420783893173e-05

